5 100000 11 7 3
2 3 7 3	4
1 1 1 2	2 2 3
0 0 0 0	0 0 0 0	1 2 2
10 30 30 30 30
0 19 17	19 19 24 0
19 0 26	27 16 15 19
17 26 0	5.7 8.3	10 17
19 27 5.7 0 4.4	6.5 19
19 16 8.3 4.4 0	2 19
24 15 10 6.5 2 0 24
0 19 17 19 19 24 0
0	38	34	37	32	36 0
38	0	54	58	42	41 38
34	54	0	18	26	29 34
37	58	18	0	15	17 37
32	42	26	15	0	7 32
36	41	29	17	7	0 36
0 38 34 37 32 36 0
480	360	1080
46	56	64	56	70
41.5090	54.6787	134.6785 54.6787 101.1839
420	480	400	720	480
540	660	1020	900	600
105 275 760
66.99 124.0844 498
201 538 2125
1 2 2
2400
4 5 6.67









